0	41	255	53
0	39	255	51
0	41	255	53
0	41	255	53
0	41	255	53
0	41	255	53
0	42	255	53
0	44	255	54
0	45	255	55
0	44	255	54
0	45	255	55
0	44	255	54
0	45	255	55
0	45	255	55
0	50	255	58
0	46	255	56
0	50	255	58
0	46	255	56
0	50	255	58
0	45	255	55
0	45	255	55
0	46	255	56
0	50	255	58
0	50	255	58
0	50	255	58
0	50	255	58
0	50	255	58
0	50	255	58
0	50	255	58
0	50	255	58
0	50	255	58
0	50	255	58
0	50	255	58
0	50	255	58
0	51	255	59
0	50	255	58
0	50	255	58
0	50	255	58
0	50	255	58
0	50	255	58
0	50	255	58
0	50	255	58
0	51	255	59
0	50	255	58
0	50	255	58
0	50	255	58
0	50	255	58
0	50	255	58
0	50	255	58
0	50	255	58
0	50	255	58
0	45	255	55
0	45	255	55
0	45	255	55
0	45	255	55
0	45	255	55
0	45	255	55
0	45	255	55
0	45	255	55
0	44	255	54
0	44	255	54
0	44	255	54
0	44	255	54
0	44	255	54
0	44	255	54
0	44	255	54
0	45	255	55
0	42	255	53
0	42	255	53
0	42	255	53
0	42	255	53
0	42	255	53
0	42	255	53
0	42	255	53
0	42	255	53
0	42	255	53
0	41	255	53
0	41	255	53
0	41	255	53
0	41	255	53
0	41	255	53
0	41	255	53
0	41	255	53
0	41	255	53
0	41	255	53
0	38	255	51
0	38	255	51
0	39	255	51
0	41	255	53
0	38	255	51
0	38	255	51
0	38	255	51
0	38	255	51
0	38	255	51
0	38	255	51
0	38	255	51
0	38	255	51
0	35	255	49
0	38	255	51
0	38	255	51
0	38	255	51
0	34	255	49
0	34	255	49
0	34	255	49
0	31	255	47
0	34	255	49
0	34	255	49
0	34	255	49
0	34	255	49
0	35	255	49
0	38	255	51
0	35	255	49
0	38	255	51
0	34	255	49
0	34	255	49
0	31	255	47
0	34	255	49
0	31	255	47
0	31	255	47
0	29	255	46
0	29	255	46
0	29	255	46
0	29	255	46
0	29	255	46
0	29	255	46
0	27	255	44
0	24	255	43
0	24	255	43
0	24	255	43
0	25	255	43
0	25	255	43
0	22	255	41
0	25	255	43
0	24	255	43
0	24	255	43
0	25	255	43
0	25	255	43
0	21	251	40
0	21	251	40
0	24	245	42
0	23	244	41
0	23	236	40
0	23	236	40
0	24	230	40
0	25	226	40
0	24	230	40
0	24	230	40
0	24	230	40
0	24	230	40
0	25	221	39
0	25	221	39
0	22	203	36
0	22	203	36
0	27	205	39
0	23	201	36
0	22	203	36
0	23	201	36
0	23	201	36
0	23	201	36
0	23	197	35
0	23	197	35
0	24	193	36
0	24	193	36
0	25	191	36
0	30	196	39
0	31	183	39
0	31	183	39
0	29	181	37
0	25	177	34
0	26	173	34
0	26	173	34
0	32	177	38
0	32	177	38
0	33	173	39
0	33	173	39
0	33	173	39
0	33	173	39
0	28	163	35
0	28	163	35
0	37	159	39
0	38	160	40
0	39	164	41
0	43	168	44
0	38	158	40
0	38	158	40
0	41	154	41
0	45	158	44
0	43	151	42
0	43	151	42
0	44	148	42
0	50	154	46
0	48	139	44
0	48	139	44
0	46	140	42
0	48	143	44
0	48	139	44
0	48	139	44
0	49	139	44
0	52	142	46
0	54	141	47
0	54	141	47
0	55	137	47
0	58	140	50
0	60	136	50
0	60	136	50
0	61	136	51
0	58	129	48
0	63	122	50
0	63	122	50
0	67	123	53
0	67	123	53
0	66	129	53
0	66	129	53
0	68	123	53
0	70	125	55
0	72	113	55
0	73	114	55
0	73	118	56
0	74	119	57
0	72	127	56
0	72	127	56
0	74	127	57
0	78	131	60
0	88	118	65
0	84	114	62
0	85	121	63
0	88	124	65
0	87	122	64
0	84	119	62
0	87	109	63
0	90	112	65
0	96	106	68
0	99	109	70
0	99	109	70
0	99	109	70
0	101	105	71
0	103	107	72
0	102	103	71
0	104	105	73
0	105	101	73
0	109	105	75
0	112	102	77
0	112	102	77
0	114	106	79
0	117	109	81
0	119	106	81
0	122	109	84
0	125	100	84
0	125	100	84
0	126	100	85
0	126	100	85
0	127	108	86
0	129	110	88
0	131	100	88
0	129	98	86
0	136	95	90
0	135	95	90
0	135	94	89
0	137	96	91
0	137	92	90
0	136	91	90
0	143	96	94
0	144	97	95
0	149	95	98
0	152	98	100
0	154	98	101
0	154	98	101
0	150	96	98
0	152	98	100
0	157	92	102
0	157	92	102
0	158	92	103
0	159	93	103
0	160	91	104
0	160	91	104
0	166	91	107
0	163	88	105
0	166	87	107
0	166	87	107
0	168	84	108
0	168	84	108
0	170	84	109
0	170	84	109
0	170	84	109
0	170	84	109
0	174	87	112
0	175	88	112
0	174	84	111
0	175	85	112
0	176	81	112
0	177	82	113
0	185	81	117
0	187	83	119
2	179	86	115
0	181	86	116
0	180	89	115
0	181	90	116
0	186	81	118
0	186	81	118
0	186	77	117
0	186	77	117
0	185	80	117
0	186	81	118
0	190	79	120
0	192	81	121
0	190	79	120
0	197	80	124
0	193	81	122
0	196	84	124
0	197	75	124
0	197	75	124
0	197	75	124
0	197	75	124
0	197	76	124
0	194	73	122
0	198	75	124
0	200	77	126
0	202	75	127
0	205	78	129
0	200	75	125
0	200	75	125
0	200	75	125
0	200	75	125
0	202	75	127
0	205	78	129
0	208	75	130
0	208	75	130
0	209	76	131
0	208	75	130
0	208	75	130
0	209	76	131
0	208	71	130
0	209	72	130
0	208	76	130
0	208	76	130
0	209	71	130
0	209	71	130
0	211	70	131
0	212	71	132
0	209	72	130
0	208	71	130
0	210	66	130
0	210	66	130
0	211	66	131
0	212	67	132
0	215	54	132
0	212	51	130
0	213	57	131
0	214	58	132
0	215	64	133
0	213	62	132
0	213	63	132
0	213	63	132
0	213	67	132
0	214	68	133
0	212	67	132
0	211	62	130
0	210	58	129
0	209	57	129
0	212	56	130
0	211	55	130
0	212	57	130
0	214	59	132
0	212	62	131
0	213	63	132
0	216	63	133
0	220	67	136
0	214	57	132
0	214	52	131
0	212	51	130
0	213	52	130
0	213	52	130
0	212	51	130
0	212	51	130
0	212	51	130
0	210	54	129
0	211	55	130
0	211	55	130
0	211	55	130
0	213	52	130
0	213	52	130
0	211	47	129
0	210	46	128
0	209	50	128
0	209	50	128
0	212	46	129
0	213	47	130
0	210	46	128
0	210	46	128
0	210	46	128
0	210	46	128
0	210	46	128
0	210	46	128
0	211	45	128
0	210	44	128
2	210	45	128
0	206	41	125
0	206	41	125
0	206	41	125
0	206	41	125
0	206	41	125
1	209	44	127
0	206	41	125
0	203	50	124
0	203	50	124
0	203	52	125
0	201	49	123
1	200	45	122
0	198	43	121
1	200	45	122
1	200	45	122
0	198	43	121
1	200	45	122
0	198	43	121
0	198	43	121
1	200	45	122
1	200	45	122
9	196	45	122
2	197	39	120
7	198	41	122
3	194	37	118
5	192	41	118
5	192	41	118
5	192	41	118
5	192	41	118
8	190	41	118
8	190	41	118
9	187	39	116
8	186	38	115
8	185	42	115
8	185	42	115
11	185	43	116
10	184	42	115
13	182	42	115
12	181	41	114
15	180	43	115
11	176	39	111
12	176	44	111
15	179	47	114
17	174	40	111
16	173	39	110
22	169	43	110
21	168	42	109
20	173	40	112
19	172	39	111
19	171	43	110
18	170	42	109
19	172	39	111
18	171	38	110
22	169	43	110
19	166	40	107
23	162	43	106
23	162	43	106
23	162	43	106
23	162	43	106
24	164	40	108
23	157	40	103
26	154	44	103
26	154	44	103
33	150	39	102
32	149	38	101
33	150	39	102
33	150	39	102
38	148	39	102
35	145	36	99
35	146	32	99
35	146	32	99
45	144	34	101
38	145	28	99
41	142	36	99
39	140	34	97
46	139	36	99
43	136	33	96
48	143	30	101
43	138	25	96
53	137	32	99
48	132	27	94
51	126	34	93
47	122	30	89
51	127	30	93
47	123	26	89
50	120	31	88
50	120	31	88
58	115	35	88
55	112	32	85
57	114	34	87
55	112	32	85
61	112	30	87
59	110	28	85
63	109	28	86
61	107	26	84
63	108	32	85
61	106	30	83
64	105	26	83
60	101	22	79
68	102	25	83
65	99	22	80
71	100	25	82
67	96	21	78
72	93	25	78
69	90	22	75
75	90	29	78
72	87	26	75
74	84	27	74
73	83	26	73
80	91	22	79
70	78	21	69
78	76	23	70
78	76	23	70
78	76	23	70
78	76	23	70
78	76	23	70
78	76	23	70
81	72	21	68
80	71	20	67
80	71	20	67
80	71	20	67
85	65	22	66
81	67	18	65
88	69	19	68
83	64	14	63
84	62	20	63
81	59	17	60
83	63	20	64
80	60	17	61
84	62	20	63
80	58	16	59
88	56	17	61
86	54	15	59
88	54	16	59
83	49	11	54
86	46	19	54
85	45	18	53
90	45	19	55
89	44	18	54
92	42	18	54
91	41	17	53
91	41	17	53
91	41	17	53
91	41	17	53
91	41	17	53
92	40	17	52
87	35	12	47
89	39	15	51
86	36	12	48
90	38	11	50
84	32	5	44
87	34	14	47
84	31	11	44
91	33	14	48
87	29	10	44
91	28	11	44
87	24	7	40
90	27	10	43
87	24	7	40
87	24	7	40
84	21	4	37
84	18	11	36
84	18	11	36
84	20	8	37
84	20	8	37
84	18	11	36
84	18	11	36
88	16	7	36
83	11	2	31
79	13	2	31
79	13	2	31
79	13	6	31
78	14	6	32
83	17	10	35
79	13	6	31
79	13	6	31
77	11	4	29
81	7	10	29
77	3	6	25
81	8	6	29
77	4	2	25
81	8	6	29
77	4	2	25
81	8	6	29
79	1	5	24
73	5	6	25
71	3	4	23
71	3	8	23
71	3	8	23
71	3	4	23
71	3	4	23
70	4	4	23
70	4	4	23
64	0	2	19
64	0	2	19
64	0	2	19
64	0	2	19
61	0	2	18
59	0	0	17
57	0	6	17
57	0	6	17
57	0	6	17
57	0	6	17
56	1	6	18
54	0	4	16
57	0	6	17
55	0	4	16
55	0	4	16
51	0	0	15
43	0	2	13
43	0	2	13
47	0	2	14
43	0	0	12
47	0	2	14
43	0	0	12
46	0	0	13
42	0	0	12
43	0	0	12
39	0	0	11
39	0	0	11
35	0	0	10
35	0	0	10
31	0	0	9
35	0	0	10
31	0	0	9
35	0	0	10
31	0	0	9
32	0	0	9
28	0	0	8
28	0	0	8
28	0	0	8
23	0	0	6
23	0	0	6
27	0	0	8
27	0	0	8
23	0	0	6
23	0	0	6
23	0	0	6
23	0	0	6
23	0	0	6
