0	0	74	8
0	0	82	9
0	0	82	9
0	0	82	9
0	0	82	9
0	0	84	9
0	0	84	9
0	0	84	9
0	0	84	9
0	0	82	9
0	0	82	9
0	0	82	9
0	0	82	9
0	0	84	9
0	0	84	9
0	0	84	9
0	0	84	9
0	0	92	10
0	0	92	10
0	0	84	9
0	0	84	9
0	0	82	9
0	0	82	9
0	0	82	9
0	0	82	9
0	0	84	9
0	0	84	9
0	0	84	9
0	0	84	9
0	0	82	9
0	0	82	9
0	0	84	9
0	0	88	10
0	0	92	10
0	0	92	10
0	0	84	9
0	0	84	9
0	0	88	10
0	0	88	10
0	0	84	9
0	0	84	9
0	0	84	9
0	0	84	9
0	0	84	9
0	0	84	9
0	0	82	9
0	0	82	9
0	0	82	9
0	0	82	9
0	0	82	9
0	0	82	9
0	0	82	9
0	0	82	9
0	0	82	9
0	0	82	9
0	0	74	8
0	0	74	8
0	0	78	8
0	0	78	8
0	0	74	8
0	0	74	8
0	0	74	8
0	0	74	8
0	0	78	8
0	0	78	8
0	0	72	8
0	0	72	8
0	0	64	7
0	0	64	7
0	0	64	7
0	0	64	7
0	0	64	7
0	0	64	7
0	0	60	6
0	0	60	6
0	0	58	6
0	0	58	6
0	0	60	6
0	0	60	6
0	0	60	6
0	0	60	6
0	0	60	6
0	0	58	6
0	0	58	6
0	0	58	6
0	0	60	6
0	0	60	6
0	0	60	6
0	0	60	6
0	0	58	6
0	0	58	6
0	0	58	6
0	0	58	6
0	0	58	6
0	0	50	5
0	0	54	6
0	0	54	6
0	0	50	5
0	0	50	5
0	0	48	5
0	0	48	5
0	0	50	5
0	0	50	5
0	0	48	5
0	0	48	5
0	0	48	5
0	0	48	5
0	0	44	5
0	0	44	5
0	0	44	5
0	0	44	5
0	0	44	5
0	0	44	5
0	0	44	5
0	0	44	5
0	1	40	5
0	1	40	5
0	1	40	5
0	1	40	5
0	0	40	4
0	0	40	4
0	0	44	5
0	0	44	5
0	1	40	5
0	1	40	5
0	1	40	5
0	1	40	5
0	0	40	4
0	0	40	4
0	0	44	5
0	0	44	5
0	0	36	4
0	0	36	4
0	0	36	4
0	0	36	4
0	0	36	4
0	0	36	4
0	0	34	3
0	0	34	3
0	0	34	3
0	0	34	3
0	1	30	4
0	1	30	4
0	0	34	3
0	1	30	4
0	0	30	3
0	0	30	3
0	0	30	3
0	0	30	3
0	0	30	3
0	0	30	3
0	0	30	3
0	0	30	3
0	1	26	3
0	1	26	3
0	1	26	3
0	1	26	3
0	1	26	3
0	1	26	3
0	1	26	3
0	1	26	3
0	1	26	3
0	1	26	3
0	1	26	3
0	1	26	3
0	0	26	2
0	0	26	2
0	0	24	2
0	0	24	2
0	0	24	2
0	0	24	2
0	1	26	3
0	1	26	3
0	1	26	3
0	1	26	3
0	1	26	3
0	1	26	3
0	0	24	2
0	0	24	2
0	2	24	3
0	2	24	3
0	0	24	2
0	0	24	2
0	0	24	2
0	0	24	2
0	0	24	2
0	0	24	2
0	1	20	2
0	1	20	2
0	1	20	2
0	1	20	2
0	0	24	2
0	0	24	2
0	0	24	2
0	0	24	2
0	0	24	2
0	0	24	2
0	1	20	2
0	1	20	2
0	0	24	2
0	0	24	2
0	1	20	2
0	1	20	2
0	1	20	2
0	1	20	2
0	0	24	2
0	2	24	3
0	1	20	2
0	1	20	2
0	1	20	2
0	1	20	2
0	1	20	2
0	1	20	2
0	3	20	4
0	3	20	4
0	3	20	4
0	3	20	4
0	2	24	3
0	2	24	3
0	0	24	2
0	0	24	2
0	0	24	2
0	0	24	2
0	0	24	2
0	0	24	2
0	0	24	2
0	0	24	2
0	0	24	2
0	0	24	2
0	0	24	2
0	0	24	2
0	1	20	2
0	1	20	2
0	3	20	4
0	3	20	4
0	3	20	4
0	3	20	4
0	3	20	4
0	3	20	4
0	3	20	4
0	3	20	4
0	1	20	2
0	1	20	2
0	1	20	2
0	1	20	2
0	1	16	2
0	1	16	2
0	0	24	2
0	0	24	2
0	3	20	4
0	3	20	4
0	3	20	4
0	3	20	4
0	3	20	4
0	3	20	4
0	3	20	4
0	3	20	4
0	3	20	4
0	3	20	4
0	3	20	4
0	3	20	4
0	3	20	4
0	3	20	4
0	3	20	4
0	3	20	4
0	3	16	3
0	3	16	3
0	3	20	4
0	3	20	4
0	3	20	4
0	3	20	4
0	3	20	4
0	3	20	4
0	3	20	4
0	3	20	4
0	3	16	3
0	3	16	3
0	3	16	3
0	3	16	3
0	3	16	3
0	3	16	3
0	3	16	3
0	3	16	3
0	3	20	4
0	3	20	4
0	3	20	4
0	3	20	4
0	3	20	4
0	3	20	4
0	3	20	4
0	3	20	4
0	3	20	4
0	3	20	4
0	5	16	4
0	3	20	4
0	3	20	4
0	3	20	4
0	5	16	4
0	5	16	4
0	3	16	3
0	3	16	3
0	3	20	4
0	3	20	4
0	3	20	4
0	3	20	4
0	6	12	4
0	6	12	4
0	6	16	5
0	6	16	5
0	6	12	4
0	6	12	4
0	5	16	4
0	5	16	4
0	5	16	4
0	5	16	4
0	7	12	5
0	7	12	5
0	6	12	4
0	6	12	4
0	7	12	5
0	7	12	5
0	7	12	5
0	7	12	5
0	7	12	5
0	7	12	5
0	6	16	5
0	6	16	5
0	6	16	5
0	6	16	5
0	6	16	5
0	6	16	5
0	6	16	5
0	6	16	5
0	7	12	5
0	7	12	5
0	7	12	5
0	7	12	5
0	8	12	6
0	8	12	6
0	7	12	5
0	7	12	5
0	7	12	5
0	7	12	5
0	8	12	6
0	8	12	6
0	8	12	6
0	8	12	6
0	8	12	6
0	8	12	6
0	8	12	6
0	8	12	6
0	8	12	6
0	8	12	6
0	7	12	5
0	7	12	5
0	8	10	5
0	8	6	5
0	9	6	5
0	9	6	5
0	9	10	6
0	9	10	6
0	10	12	7
0	10	12	7
0	10	12	7
0	10	12	7
0	9	10	6
0	9	10	6
0	9	10	6
0	9	10	6
0	9	10	6
0	9	10	6
0	8	12	6
0	8	12	6
0	9	10	6
0	9	10	6
0	9	10	6
0	9	10	6
0	9	6	5
0	9	6	5
0	9	6	5
0	9	6	5
0	9	6	5
0	9	6	5
0	9	6	5
0	9	6	5
0	11	6	7
0	11	6	7
0	9	6	5
0	9	6	5
0	11	6	7
0	11	6	7
0	9	6	5
0	9	6	5
0	9	6	5
0	9	6	5
0	11	6	7
0	11	6	7
0	10	2	6
0	10	2	6
0	9	6	5
0	9	6	5
0	11	6	7
0	11	6	7
0	11	6	7
0	11	6	7
0	10	2	6
0	10	2	6
0	12	2	7
0	16	6	10
0	10	2	6
0	10	2	6
0	12	2	7
0	16	6	10
0	16	4	9
0	16	4	9
0	10	2	6
0	10	2	6
0	12	2	7
0	16	4	9
0	14	4	8
0	14	4	8
0	14	4	8
0	14	4	8
0	14	4	8
0	10	0	5
0	14	4	8
0	14	4	8
0	13	4	8
0	13	4	8
0	14	4	8
0	14	4	8
0	13	4	8
0	13	4	8
0	13	6	8
0	13	6	8
0	12	6	7
0	8	2	4
0	13	6	8
0	13	6	8
0	14	4	8
0	18	8	11
0	13	4	8
0	13	4	8
0	13	4	8
0	13	4	8
0	16	8	10
0	16	8	10
0	16	8	10
0	12	4	7
0	12	4	7
0	12	4	7
0	16	8	10
0	16	8	10
0	16	8	10
0	12	4	7
0	12	4	7
0	12	4	7
0	16	8	10
0	16	8	10
0	10	6	6
0	14	10	9
0	14	8	9
0	14	8	9
0	14	8	9
0	14	8	9
0	14	10	9
0	14	10	9
0	14	10	9
0	14	10	9
0	14	10	9
0	10	6	6
0	14	10	9
0	10	6	6
0	14	10	9
0	10	6	6
0	14	10	9
0	10	6	6
0	12	8	7
0	8	4	5
0	12	6	7
0	8	2	4
0	8	2	4
0	8	2	4
0	8	4	5
0	8	4	5
0	12	10	8
0	12	10	8
0	8	6	5
0	8	6	5
0	8	6	5
0	8	6	5
0	8	6	5
1	12	10	8
0	6	6	4
0	6	6	4
4	10	6	7
0	6	2	3
0	8	6	5
1	12	10	8
1	12	10	8
1	12	10	8
4	10	10	8
0	6	6	4
0	6	6	4
0	6	6	4
4	10	10	8
0	6	6	4
0	2	2	1
0	2	2	1
0	2	0	1
0	2	0	1
0	2	0	1
0	2	0	1
3	4	6	3
3	4	6	3
0	0	2	0
0	0	2	0
0	0	2	0
3	4	6	3
4	4	4	3
0	0	0	0
4	4	4	3
0	0	0	0
4	4	4	3
0	0	0	0
0	0	0	0
0	0	0	0
4	4	4	3
0	0	0	0
0	0	0	0
0	0	0	0
1	0	2	0
1	0	2	0
0	0	2	0
0	0	2	0
1	0	0	0
1	0	0	0
1	0	2	0
1	0	2	0
4	0	0	1
4	0	0	1
4	0	2	1
4	0	2	1
4	0	2	1
4	0	2	1
4	0	2	1
4	0	2	1
4	0	2	1
4	0	2	1
4	0	2	1
4	0	2	1
4	0	2	1
4	0	2	1
4	0	2	1
4	0	2	1
4	0	2	1
4	0	2	1
4	0	2	1
4	0	2	1
4	0	2	1
4	0	2	1
7	0	2	2
7	0	2	2
7	0	2	2
7	0	2	2
7	0	2	2
7	0	2	2
7	0	2	2
4	0	6	1
4	0	6	1
4	0	6	1
4	0	6	1
4	0	6	1
4	0	2	1
4	0	2	1
4	0	2	1
4	0	2	1
4	0	6	1
4	0	6	1
4	0	6	1
4	0	6	1
7	0	6	2
7	0	6	2
7	0	6	2
7	0	6	2
7	0	6	2
7	0	6	2
7	0	6	2
7	0	6	2
7	0	10	3
7	0	10	3
7	0	10	3
7	0	10	3
7	0	6	2
7	0	6	2
7	0	6	2
7	0	6	2
7	0	6	2
7	0	6	2
7	0	6	2
7	0	6	2
4	0	6	1
4	0	6	1
4	0	10	2
4	0	10	2
7	0	10	3
7	0	10	3
4	0	10	2
4	0	10	2
4	0	6	1
4	0	6	1
4	0	6	1
4	0	6	1
4	0	6	1
4	0	6	1
4	0	6	1
4	0	6	1
4	0	10	2
1	0	6	0
4	0	10	2
4	0	10	2
1	0	10	1
1	0	10	1
4	0	12	2
4	0	12	2
4	0	10	2
4	0	10	2
4	0	10	2
4	0	10	2
4	0	10	2
4	0	10	2
1	0	10	1
1	0	10	1
1	0	12	1
1	0	12	1
1	0	10	1
